[gd_scene load_steps=7 format=3 uid="uid://bch80v7hdpwq0"]

[ext_resource type="Script" path="res://scenes/gear/gear.gd" id="1_nkugn"]

[sub_resource type="CylinderShape3D" id="CylinderShape3D_fjw3t"]
height = 0.8
radius = 0.7

[sub_resource type="StandardMaterial3D" id="StandardMaterial3D_0mycq"]
albedo_color = Color(0.486275, 0.780392, 1, 1)
metallic = 0.55
roughness = 0.57

[sub_resource type="CylinderMesh" id="CylinderMesh_1y1sm"]
material = SubResource("StandardMaterial3D_0mycq")
top_radius = 0.7
bottom_radius = 0.7
height = 0.8

[sub_resource type="BoxMesh" id="BoxMesh_eqcxl"]
size = Vector3(1.5, 0.6, 0.1)

[sub_resource type="BoxShape3D" id="BoxShape3D_1rhd3"]
size = Vector3(1.5, 0.6, 0.1)

[node name="gear" type="StaticBody3D"]
script = ExtResource("1_nkugn")

[node name="CollisionShape3D" type="CollisionShape3D" parent="."]
shape = SubResource("CylinderShape3D_fjw3t")

[node name="MeshInstance3D" type="MeshInstance3D" parent="."]
mesh = SubResource("CylinderMesh_1y1sm")

[node name="MeshInstance3D2" type="MeshInstance3D" parent="."]
transform = Transform3D(1, 0, 0, 0, 1, 0, 0, 0, 1, 1, 0, 0)
mesh = SubResource("BoxMesh_eqcxl")

[node name="CollisionShape3D2" type="CollisionShape3D" parent="."]
transform = Transform3D(1, 0, 0, 0, 1, 0, 0, 0, 1, 1, 0, 0)
shape = SubResource("BoxShape3D_1rhd3")

[node name="MeshInstance3D4" type="MeshInstance3D" parent="."]
transform = Transform3D(1, 0, 0, 0, 1, 0, 0, 0, 1, -1, 0, 0)
mesh = SubResource("BoxMesh_eqcxl")

[node name="CollisionShape3D4" type="CollisionShape3D" parent="."]
transform = Transform3D(1, 0, 0, 0, 1, 0, 0, 0, 1, -1, 0, 0)
shape = SubResource("BoxShape3D_1rhd3")

[node name="MeshInstance3D5" type="MeshInstance3D" parent="."]
transform = Transform3D(-4.37114e-08, 0, 1, 0, 1, 0, -1, 0, -4.37114e-08, 0, 0, 1)
mesh = SubResource("BoxMesh_eqcxl")

[node name="CollisionShape3D5" type="CollisionShape3D" parent="."]
transform = Transform3D(-4.37114e-08, 0, 1, 0, 1, 0, -1, 0, -4.37114e-08, 0, 0, 1)
shape = SubResource("BoxShape3D_1rhd3")

[node name="MeshInstance3D6" type="MeshInstance3D" parent="."]
transform = Transform3D(-4.37114e-08, 0, 1, 0, 1, 0, -1, 0, -4.37114e-08, 0, 0, -1)
mesh = SubResource("BoxMesh_eqcxl")

[node name="CollisionShape3D6" type="CollisionShape3D" parent="."]
transform = Transform3D(-4.37114e-08, 0, 1, 0, 1, 0, -1, 0, -4.37114e-08, 0, 0, -1)
shape = SubResource("BoxShape3D_1rhd3")

[node name="MeshInstance3D7" type="MeshInstance3D" parent="."]
transform = Transform3D(-0.707107, 0, 0.707107, 0, 1, 0, -0.707107, 0, -0.707107, -0.7, 0, -0.7)
mesh = SubResource("BoxMesh_eqcxl")

[node name="CollisionShape3D7" type="CollisionShape3D" parent="."]
transform = Transform3D(-0.707107, 0, 0.707107, 0, 1, 0, -0.707107, 0, -0.707107, -0.7, 0, -0.7)
shape = SubResource("BoxShape3D_1rhd3")

[node name="MeshInstance3D8" type="MeshInstance3D" parent="."]
transform = Transform3D(-0.707107, 0, 0.707107, 0, 1, 0, -0.707107, 0, -0.707107, 0.7, 0, 0.7)
mesh = SubResource("BoxMesh_eqcxl")

[node name="CollisionShape3D8" type="CollisionShape3D" parent="."]
transform = Transform3D(-0.707107, 0, 0.707107, 0, 1, 0, -0.707107, 0, -0.707107, 0.7, 0, 0.7)
shape = SubResource("BoxShape3D_1rhd3")

[node name="MeshInstance3D3" type="MeshInstance3D" parent="."]
transform = Transform3D(0.707107, 0, 0.707107, 0, 1, 0, -0.707107, 0, 0.707107, 0.7, 0, -0.7)
mesh = SubResource("BoxMesh_eqcxl")

[node name="CollisionShape3D3" type="CollisionShape3D" parent="."]
transform = Transform3D(0.707107, 0, 0.707107, 0, 1, 0, -0.707107, 0, 0.707107, 0.7, 0, -0.7)
shape = SubResource("BoxShape3D_1rhd3")

[node name="MeshInstance3D9" type="MeshInstance3D" parent="."]
transform = Transform3D(0.707107, 0, 0.707107, 0, 1, 0, -0.707107, 0, 0.707107, -0.7, 0, 0.7)
mesh = SubResource("BoxMesh_eqcxl")

[node name="CollisionShape3D9" type="CollisionShape3D" parent="."]
transform = Transform3D(0.707107, 0, 0.707107, 0, 1, 0, -0.707107, 0, 0.707107, -0.7, 0, 0.7)
shape = SubResource("BoxShape3D_1rhd3")
