[gd_scene load_steps=3 format=3 uid="uid://bdthbp5ow5fh1"]

[ext_resource type="PackedScene" uid="uid://kumgvtb5d1o7" path="res://scenes/player/player.tscn" id="1_jkbfb"]
[ext_resource type="PackedScene" uid="uid://cf1l76jvbptns" path="res://scenes/platform/platform.tscn" id="2_11wkl"]

[node name="nadas scene" type="Node3D"]

[node name="Camera3D" type="Camera3D" parent="."]
transform = Transform3D(1, 0, 0, 0, 0.823513, 0.567298, 0, -0.567298, 0.823513, 0, 4.30489, 7.02716)
current = true

[node name="DirectionalLight3D" type="DirectionalLight3D" parent="."]
transform = Transform3D(0.60208, -0.444791, 0.663069, 0, 0.83046, 0.557079, -0.798436, -0.335406, 0.500003, 0, 4.89652, 0)
shadow_enabled = true

[node name="CSGCombiner3D" type="CSGCombiner3D" parent="."]
use_collision = true

[node name="CSGBox3D" type="CSGBox3D" parent="CSGCombiner3D"]
transform = Transform3D(1, 0, 0, 0, 1, 0, 0, 0, 1, 0, -1.21241, 0)
size = Vector3(20.4259, 1, 11.444)

[node name="Player" parent="." instance=ExtResource("1_jkbfb")]
transform = Transform3D(1, 0, 0, 0, 1, 0, 0, 0, 1, -0.0849838, 0.798095, 0.286244)

[node name="platform" parent="." node_paths=PackedStringArray("target") instance=ExtResource("2_11wkl")]
transform = Transform3D(1, 0, 0, 0, 1, 0, 0, 0, 1, -0.101957, -0.0198262, 0.0658379)
target = NodePath("../platform_target")

[node name="platform_target" type="Node3D" parent="."]
transform = Transform3D(0.983338, 0.181789, 0, -0.181789, 0.983338, 0, 0, 0, 1, 3.84659, 2.25183, 0)
